-1.0,0.5939999997733696,0.9588499859676002,0.8549999884898685,0.645000000428282
-0.998,0.5946548383721026,0.9587884571217472,0.8550000027641388,0.6450000087179
-0.996,0.5953095638323161,0.958727245861299,0.8550000025114837,0.6450000051344872
-0.994,0.595964187311639,0.9586663586396106,0.8550000009796532,0.6449999906645552
-0.992,0.5966186831338767,0.9586057654535891,0.8549999987279566,0.6450000010557556
-0.99,0.5972730744572838,0.9585455099875053,0.855000004994978,0.645000007939412
-0.988,0.5979273315563258,0.9584855897079346,0.8549999855618573,0.645000004682664
-0.986,0.5985814818003714,0.9584259573973323,0.8549999959983704,0.6449999978335377
-0.984,0.5992355141242258,0.9583666128733678,0.8549999927512381,0.6450000012248406
-0.982,0.5998894437061321,0.9583076575720167,0.8549999875863982,0.6449999988679794
-0.98,0.6005432279923302,0.9582489554629379,0.8549999978321298,0.6449999922652586
-0.978,0.601196913851737,0.9581905876629606,0.8549999894531849,0.6449999914506547
-0.976,0.6018504895203911,0.9581325316897575,0.8549999894365887,0.6450000028337823
-0.974,0.602503936761447,0.9580748119344809,0.854999999791294,0.644999998029855
-0.972,0.6031572568109411,0.9580173728440532,0.8550000094488832,0.6449999976735558
-0.97,0.6038104581133882,0.9579602448675008,0.8550000053216839,0.6449999936534478
-0.968,0.6044635330169646,0.9579034529621271,0.8550000057203816,0.6449999966649412
-0.966,0.6051165034446029,0.9578469446747584,0.8549999963827463,0.645000002899108
-0.964,0.6057693454161821,0.957790767752182,0.8549999875573305,0.6449999996480783
-0.962,0.6064220679748253,0.957734897201771,0.8550000066845312,0.6449999952022332
-0.96,0.6070746618030916,0.9576793226302348,0.8550000016791736,0.6450000063960694
-0.958,0.60772713411471,0.9576240430048024,0.8550000021368082,0.6450000051914577
-0.956,0.6083794937266396,0.9575691181535363,0.8549999906037086,0.6449999903522287
-0.954,0.6090317272794974,0.9575144637436713,0.8550000000331173,0.6449999795536381
-0.952,0.6096838271977555,0.9574601195259939,0.8550000077364897,0.6449999978668566
-0.95,0.6103358145031784,0.9574060966981158,0.8549999842118509,0.6450000015633499
-0.948,0.6109876649355804,0.9573523795790272,0.8549999912341518,0.644999993645566
-0.946,0.6116393967115559,0.9572989503966113,0.8549999974216183,0.6450000059989641
-0.944,0.6122910033118723,0.9572458512986007,0.8550000039363918,0.645000006350865
-0.942,0.6129424967081636,0.9571930359763121,0.8549999966606227,0.6449999903358249
-0.94,0.6135938384216528,0.9571405071111468,0.854999997778061,0.6450000053215285
-0.938,0.6142450808779553,0.9570883131580172,0.8549999928320027,0.6450000019142293
-0.936,0.614896182625055,0.9570363944909145,0.8550000068046099,0.6450000077767186
-0.934,0.615547146360886,0.9569847894010237,0.8549999985638893,0.6450000017679112
-0.932,0.6161979889956555,0.9569334883980571,0.8550000005675096,0.6450000031514297
-0.93,0.6168487257880434,0.9568824945342016,0.855000010902831,0.6449999963913319
-0.928,0.6174993092533996,0.9568318043325786,0.8549999964858613,0.644999996975095
-0.926,0.6181497677535871,0.9567813868518711,0.8550000054684846,0.6449999964690883
-0.924,0.6188000966390561,0.9567312775024615,0.8549999839838591,0.6449999992181755
-0.922,0.6194502984483177,0.9566814751068952,0.8550000154133862,0.645000009207945
-0.92,0.620100372355288,0.9566319674826845,0.8550000065174953,0.6449999990063431
-0.918,0.6207503121819602,0.9565827439000453,0.8549999951480104,0.6450000081887074
-0.916,0.6214001132883749,0.9565338219187651,0.854999995079884,0.6450000016656763
-0.914,0.6220498024074481,0.9564852168459265,0.8549999964198473,0.6449999961467049
-0.912,0.6226993459596358,0.9564369067100622,0.8550000104061248,0.6449999995336159
-0.91,0.6233487485251729,0.9563888650270771,0.8549999995159953,0.6449999989821996
-0.908,0.6239980395552728,0.9563411461510182,0.8550000034950058,0.644999990293834
-0.906,0.6246471852300394,0.956293703407079,0.8549999921058051,0.6449999969085521
-0.904,0.625296200028468,0.9562465611441557,0.8550000003916907,0.6450000113487668
-0.902,0.6259450742743676,0.9561996991430068,0.8550000007723079,0.644999990481442
-0.9,0.6265938164566606,0.9561531249738248,0.8550000045159051,0.644999990290579
-0.898,0.6272424407477708,0.9561068368006972,0.8549999841175154,0.6449999899693452
-0.896,0.6278909025002519,0.9560608917824291,0.8550000121413478,0.6449999985299466
-0.894,0.6285392580967181,0.9560151746902971,0.8550000045468061,0.6450000051836347
-0.892,0.6291874426935875,0.9559697841428032,0.8550000026288883,0.6450000087501417
-0.89,0.6298355161703179,0.9559246653538686,0.8549999978658053,0.6449999917250153
-0.888,0.6304834640367394,0.955879844111032,0.8550000178864974,0.6449999956259002
-0.886,0.6311312475526549,0.9558352995310573,0.8550000030557838,0.6449999987237974
-0.884,0.6317789076452124,0.9557910720308548,0.8550000013589851,0.6449999971938707
-0.882,0.6324264200888123,0.9557471032895206,0.8550000084682906,0.6450000083751813
-0.88,0.633073807134368,0.955703419800124,0.8549999904065839,0.645000002471471
-0.878,0.6337210522238774,0.9556600475559581,0.8550000037403874,0.6450000050373998
-0.876,0.6343681484909912,0.9556169512525922,0.8549999955068865,0.6449999948309443
-0.874,0.6350151092314013,0.9555741184591495,0.8550000079334239,0.6450000039487612
-0.872,0.6356619245606108,0.9555315853466095,0.8549999961732753,0.6449999909125566
-0.87,0.6363086237839557,0.9554893562862887,0.8549999958257137,0.6450000105233022
-0.868,0.6369551595964903,0.955447414856195,0.855000005776772,0.6450000028146582
-0.866,0.6376015663879975,0.9554057074515581,0.8549999887293276,0.6450000037094482
-0.864,0.6382478425174394,0.9553643135650646,0.854999988057412,0.6449999976514724
-0.862,0.6388939408669757,0.9553231850882663,0.8550000038689985,0.645000001636503
-0.86,0.6395399258883858,0.9552823387385451,0.8549999973230574,0.6449999866008224
-0.858,0.6401857654158831,0.9552417950445938,0.8549999853611516,0.64500000302267
-0.856,0.6408314584740528,0.9552015320874121,0.8549999946699833,0.6449999944724865
-0.854,0.6414770017785704,0.9551615145796534,0.8550000012828763,0.6449999985458461
-0.852,0.642122410576971,0.9551218106835485,0.854999989626998,0.6450000016189624
-0.85,0.6427676705847549,0.9550823754703983,0.8549999944989795,0.6450000096636066
-0.848,0.6434127805231691,0.9550432197806015,0.8549999847449629,0.645000007383593
-0.846,0.6440577551007036,0.9550043017657336,0.8550000027208942,0.6449999931540191
-0.844,0.6447025910352945,0.9549657134126017,0.854999982513039,0.6450000092301958
-0.842,0.6453472809101438,0.954927383052688,0.8550000132373732,0.6449999966865754
-0.84,0.6459918090938792,0.954889323903484,0.8550000116987023,0.6450000082158929
-0.838,0.6466361937598712,0.9548515548594313,0.8550000066515373,0.6449999887274087
-0.836,0.6472804330812196,0.9548140573385956,0.8550000160876658,0.6450000021434487
-0.834,0.6479245390217632,0.9547768166764345,0.8550000180559274,0.6450000017258044
-0.832,0.6485684839472382,0.9547398920776059,0.8549999939209135,0.6450000010250014
-0.83,0.6492122862262018,0.9547031794579524,0.854999999208665,0.6450000038615974
-0.828,0.6498559298538001,0.9546668034259875,0.8549999916331291,0.6450000025513608
-0.826,0.6504994540703413,0.9546306418456172,0.8550000062020191,0.6450000173621019
-0.824,0.65114280341254,0.9545947915876956,0.8550000029166942,0.6449999975134192
-0.822,0.6517860261315271,0.9545592007969073,0.8550000128831045,0.6450000017978229
-0.82,0.6524290797977174,0.9545238562423146,0.8549999887831701,0.6449999906379864
-0.818,0.6530719807506346,0.9544888169200227,0.8549999801080634,0.6449999985006598
-0.816,0.6537147486713977,0.9544540353710549,0.8550000001456173,0.6449999984756244
-0.814,0.654357363490525,0.954419526557763,0.8549999890790403,0.6450000027991495
-0.812,0.6549998037580949,0.954385275967093,0.8549999983788928,0.6450000044417603
-0.81,0.6556421022059541,0.9543513150103017,0.8550000045284322,0.6450000018255316
-0.808,0.6562842851938006,0.9543176037347608,0.8550000016233994,0.6449999975534976
-0.806,0.6569262742479818,0.9542841613288988,0.854999989125895,0.6450000034332308
-0.804,0.6575681225661831,0.9542509784699856,0.8550000018908928,0.6449999894545205
-0.802,0.6582098265570766,0.9542180804202319,0.8550000108197394,0.6449999950308368
-0.8,0.6588513694750316,0.9541854336295007,0.8549999942407742,0.6449999953035033
-0.798,0.6594927581757567,0.9541530702931743,0.8550000037822438,0.6450000088634754
-0.796,0.6601339945773396,0.9541209490314905,0.8550000041971121,0.6449999948607872
-0.794,0.6607750712913241,0.9540891088785785,0.855000009918602,0.6449999974299617
-0.792,0.6614160103967544,0.9540575383953794,0.8550000079036381,0.6450000070352679
-0.79,0.6620567857774404,0.9540261886593916,0.8549999870346222,0.6449999999703266
-0.788,0.6626974193242817,0.9539951591511895,0.8549999841110694,0.6450000083352802
-0.786,0.6633378647651006,0.953964346237952,0.8549999879473861,0.6449999957667152
-0.784,0.6639781803112861,0.9539338145846976,0.8550000103918445,0.6450000018630037
-0.782,0.6646183394111925,0.9539035384258393,0.8549999905304092,0.6450000130386012
-0.78,0.6652583373805877,0.9538735275929071,0.855000005124544,0.6450000033740209
-0.778,0.66589816528956,0.9538437757314189,0.8549999843403854,0.6449999955588589
-0.776,0.6665378557481917,0.953814276339527,0.8550000070685538,0.6449999872292217
-0.774,0.6671773743490723,0.953785049972541,0.8549999975987237,0.6450000003306328
-0.772,0.667816747690218,0.9537560602367091,0.8549999830819972,0.6450000036306149
-0.77,0.668455951953603,0.9537273459865679,0.8549999979514153,0.645000006559304
-0.768,0.6690950016981477,0.9536988794119675,0.8550000001142043,0.6450000065806708
-0.766,0.669733900894895,0.9536706986920473,0.854999986481828,0.6449999976234053
-0.764,0.6703726315379998,0.9536427200011611,0.8550000090139717,0.6450000104939426
-0.762,0.6710111948746645,0.9536150401234686,0.8550000088951494,0.6450000144488313
-0.76,0.6716496213959436,0.9535876135018475,0.8550000092732887,0.6450000028739666
-0.758,0.6722878755377124,0.9535604350301067,0.8550000078248993,0.6449999967029721
-0.756,0.6729259604720451,0.9535335232069634,0.854999995659384,0.6450000002116926
-0.754,0.6735638894209297,0.9535068413972421,0.8549999903255645,0.6450000016412907
-0.752,0.674201667092379,0.953480418413519,0.8550000022594894,0.6449999991539977
-0.75,0.6748392826190929,0.9534542748741148,0.8549999980522464,0.645000000713705
-0.748,0.6754767268318428,0.9534283568580991,0.8549999966450605,0.6449999948554042
-0.746,0.6761140160110558,0.9534026945465522,0.8549999991099789,0.6449999985459847
-0.744,0.6767511365236422,0.9533772972121786,0.8550000095982929,0.6449999863406959
-0.742,0.6773881051951396,0.9533521381473986,0.8550000016609274,0.644999999873856
-0.74,0.6780248981444135,0.9533272198448034,0.8549999843070042,0.6449999934513388
-0.738,0.6786615238372008,0.9533025949351254,0.8550000054451159,0.6449999991235749
-0.736,0.6792980091511117,0.9532781650666869,0.8550000017324354,0.644999989098015
-0.734,0.6799343059230598,0.9532540049620912,0.8550000012300809,0.6449999849218876
-0.732,0.680570458924838,0.9532300965305306,0.8550000073607139,0.6450000112736578
-0.73,0.68120642176547,0.9532064431178091,0.8549999953915577,0.645000005018399
-0.728,0.6818422523638934,0.953183036219053,0.8549999962818147,0.6449999922257432
-0.726,0.6824778930029824,0.953159892515761,0.8549999894695889,0.645000004489096
-0.724,0.6831133611274809,0.9531369608370495,0.8549999958476624,0.6449999975933549
-0.722,0.6837486752051297,0.9531143002318505,0.8549999888077116,0.6450000054830443
-0.72,0.6843838422125023,0.9530918891467028,0.8550000085476701,0.6450000050442105
-0.718,0.6850188182405036,0.9530696862106888,0.8550000046023921,0.6449999924876901
-0.716,0.6856536395559346,0.9530477412237953,0.8549999914119656,0.6450000029930268
-0.714,0.6862882778374503,0.9530260774576297,0.854999993012183,0.6449999917828532
-0.712,0.6869227580914598,0.9530046397728138,0.8549999915212433,0.6449999918573269
-0.71,0.6875570876266042,0.9529834288462442,0.8549999956542289,0.6449999893843321
-0.708,0.6881912235287007,0.9529624640094617,0.8550000024832687,0.6450000085498188
-0.706,0.6888252111762668,0.9529417595304988,0.855000002219521,0.6449999969820078
-0.704,0.6894590137673919,0.952921273008742,0.8550000010572691,0.6449999936436595
-0.702,0.6900926534590894,0.9529010492495511,0.8549999905612445,0.6449999936099126
-0.7,0.6907261101639152,0.9528810590615944,0.8550000083586653,0.6450000015953381
-0.698,0.6913594248301081,0.9528613219497197,0.8549999888162781,0.6450000065711596
-0.696,0.6919925485459848,0.952841812060075,0.8549999944992044,0.6450000042214596
-0.694,0.6926255145026693,0.9528225112228899,0.8550000062633281,0.645000000485257
-0.692,0.6932583027206295,0.9528035160597959,0.8549999900847179,0.6450000023015938
-0.69,0.6938909132527965,0.9527847136093555,0.8550000050687583,0.6449999988571549
-0.688,0.6945233593917685,0.9527661741352972,0.8549999907917164,0.6450000030662549
-0.686,0.6951556388661646,0.9527478455098698,0.8550000127305738,0.6449999982518704
-0.684,0.6957877413631269,0.9527297778801023,0.855000008962435,0.645000002180097
-0.682,0.696419667475776,0.9527119470604943,0.8549999929067701,0.6449999915714955
-0.68,0.6970514251446772,0.9526943110932607,0.8549999919187498,0.6449999955573488
-0.678,0.6976830185251857,0.9526769606520363,0.8549999903305718,0.6449999989656657
-0.676,0.6983144239750627,0.9526598315004386,0.8549999869590283,0.6450000027160566
-0.674,0.6989456570221577,0.9526429189794505,0.8549999847685484,0.6449999981312722
-0.672,0.6995767181125788,0.9526262952660911,0.8549999929401857,0.6450000012497518
-0.67,0.7002076328537685,0.9526098326600996,0.8550000100154539,0.6450000021391782
-0.668,0.7008383342388244,0.9525936344976667,0.8549999845151757,0.6449999979884836
-0.666,0.7014688812756089,0.9525776701521981,0.8550000188706008,0.6449999966699409
-0.664,0.7020992641671906,0.9525619492034061,0.855000001966158,0.6450000009595883
-0.662,0.7027294420461275,0.9525464662217878,0.8549999928960015,0.6449999921188078
-0.66,0.70335947089065,0.952531212908008,0.8550000054811622,0.6450000035812639
-0.658,0.7039893026984082,0.9525161418558309,0.8549999949309777,0.6449999917691601
-0.656,0.7046189557167715,0.95250137491199,0.8550000041852331,0.6450000006697585
-0.654,0.7052484669976045,0.9524867951932036,0.8550000064542294,0.6450000008230861
-0.652,0.7058777814515502,0.9524724628518011,0.8549999941272985,0.6449999945898279
-0.65,0.7065069066556199,0.9524583319818855,0.855000005617796,0.6449999945193718
-0.648,0.7071358585575104,0.9524444588678632,0.8550000084727774,0.6450000069744661
-0.646,0.7077646630470172,0.9524308116874152,0.8550000051483088,0.6449999925898402
-0.644,0.7083932623910346,0.9524173796857107,0.8550000079703737,0.6449999909488897
-0.642,0.7090216796550827,0.9524041712656798,0.8549999988104791,0.6449999999831562
-0.64,0.7096499230169551,0.9523912066672616,0.854999998666493,0.6450000083341735
-0.638,0.7102779962368414,0.9523784640937643,0.8549999996230053,0.6450000146031043
-0.636,0.7109058987773343,0.9523659548122471,0.8549999960796347,0.6449999904034112
-0.634,0.7115335987513178,0.9523536892235994,0.8549999926793759,0.6449999946155062
-0.632,0.712161137343594,0.9523415818363712,0.8550000145216765,0.6450000027721109
-0.63,0.7127884903814578,0.9523297483186141,0.8549999928829053,0.6450000014299555
-0.628,0.7134156611837864,0.9523181385270915,0.854999999008174,0.6450000046846807
-0.626,0.7140426579618624,0.9523067541187332,0.8550000091131339,0.6450000019206517
-0.624,0.7146694561602808,0.9522955780479001,0.8549999955892028,0.6450000016549212
-0.622,0.7152960969399679,0.9522846498457596,0.8549999965568388,0.6449999988501999
-0.62,0.7159225386683283,0.9522739338012421,0.8549999875116648,0.644999986855759
-0.618,0.7165488065272873,0.9522634335920134,0.8549999963917715,0.6450000082988265
-0.616,0.7171748920736252,0.9522531406120754,0.854999993299148,0.6450000050677754
-0.614,0.7178007958048421,0.9522430851518048,0.8549999865823241,0.6450000030332808
-0.612,0.7184265294998778,0.9522332688376678,0.8550000028149533,0.6449999978086581
-0.61,0.7190520508764386,0.9522236376681427,0.8550000009008203,0.6449999938395413
-0.608,0.7196774158868083,0.9522142466386061,0.8550000049421612,0.6450000045351449
-0.606,0.7203025893892719,0.9522050713679014,0.8550000032541043,0.6450000046415343
-0.604,0.7209275816317624,0.9521961323776845,0.8550000022359932,0.645000009535797
-0.602,0.7215523865652834,0.9521873830949873,0.8549999782130586,0.6450000088118786
-0.6,0.7221770072593888,0.9521788611463595,0.8549999828633972,0.6450000014198674
-0.598,0.7228014473491042,0.9521705847967739,0.8550000119016546,0.6450000117460644
-0.596,0.7234256985633057,0.9521624998882775,0.8549999958668794,0.6450000073622901
-0.594,0.724049786152415,0.9521546493698507,0.8550000214314083,0.6449999969714296
-0.592,0.7246736557905791,0.9521469838619031,0.8550000166762666,0.6450000029194896
-0.59,0.7252973609283296,0.9521395653465775,0.8549999939160084,0.6450000058974759
-0.588,0.7259208793232697,0.952132331240978,0.8549999986227004,0.6450000005280848
-0.586,0.7265442011680235,0.9521253623658503,0.8550000000621033,0.6450000046464275
-0.584,0.7271673511542648,0.9521185656287011,0.8550000170925045,0.6450000065642367
-0.582,0.7277903012677862,0.9521119820702655,0.8549999987629705,0.6450000113789247
-0.58,0.7284130751451134,0.9521056440510355,0.8549999914994769,0.6450000063434527
-0.578,0.7290356530101196,0.9520995059627821,0.8549999946396301,0.6449999949435449
-0.576,0.7296580422080161,0.9520935779982203,0.8550000066633244,0.6450000032874865
-0.574,0.7302802579587295,0.9520878424381045,0.8549999890697833,0.6450000025256852
-0.572,0.7309022654593744,0.9520823653092881,0.8549999937992648,0.645000005925123
-0.57,0.731524106981795,0.952077068109646,0.8550000032886639,0.6449999950922954
-0.568,0.732145748686725,0.9520719942625542,0.8550000010596357,0.6449999961141227
-0.566,0.7327672184816987,0.9520671223870569,0.854999999142324,0.6450000049474702
-0.564,0.7333884771370388,0.9520624459591217,0.8550000023693342,0.6450000022695598
-0.562,0.734009560798343,0.9520580380642019,0.8549999921877678,0.6450000033659914
-0.56,0.7346304511052578,0.9520538018050797,0.8550000112579379,0.6450000021463471
-0.558,0.7352511568645205,0.9520497517518732,0.8549999872642776,0.6450000040893866
-0.556,0.7358716513720481,0.9520459193099986,0.855000008920258,0.6450000080748699
-0.554,0.7364919873935,0.95204232026609,0.855000004718773,0.6449999992626629
-0.552,0.7371121180267467,0.9520389295453708,0.8550000025937459,0.6449999964757648
-0.55,0.7377320639684993,0.9520357403525274,0.8550000070894207,0.6449999921192611
-0.548,0.7383518123326376,0.9520327335553126,0.8549999850168862,0.6450000023632723
-0.546,0.7389713835335674,0.9520299701845217,0.8549999950184235,0.645000001163695
-0.544,0.739590741170476,0.9520273832982513,0.854999997823433,0.6450000008867137
-0.542,0.7402099024232898,0.9520250219570534,0.8549999999099702,0.6449999920543081
-0.54,0.7408288925031938,0.9520228585529816,0.8549999925585972,0.6449999953157836
-0.538,0.7414476873666802,0.9520209126054591,0.8550000008008375,0.6449999913848335
-0.536,0.7420662795766448,0.9520191545197179,0.85500000763262,0.644999987880566
-0.534,0.7426846978062575,0.9520176011563912,0.8549999793268857,0.6449999977358507
-0.532,0.7433029271427313,0.9520162480523274,0.8549999981432354,0.644999995521148
-0.53,0.7439209466714969,0.9520151259485788,0.8550000093997767,0.6449999969837243
-0.528,0.7445387660379782,0.9520142098221299,0.8549999942859107,0.6449999991622689
-0.526,0.7451564270397661,0.9520134699724317,0.8550000072188599,0.6449999961211119
-0.524,0.7457738602864723,0.9520129403602122,0.8549999891207264,0.6450000062893956
-0.522,0.7463911038748973,0.9520125998479946,0.8550000003047852,0.644999996582303
-0.52,0.7470081538180399,0.9520124745530496,0.8550000069052724,0.644999998042403
-0.518,0.7476250276064444,0.95201254858152,0.854999986732864,0.6450000086744001
-0.516,0.7482416958684331,0.9520128142342587,0.8549999898796314,0.6450000003430821
-0.514,0.7488581539516955,0.9520132926441128,0.8550000131629719,0.6450000008810904
-0.512,0.7494744470003016,0.952013998475554,0.8549999992920173,0.6450000036041041
-0.51,0.7500905191011933,0.9520148534881931,0.8550000039129693,0.6449999961708849
-0.508,0.7507064062987611,0.9520159131701048,0.8549999848158658,0.6449999932251811
-0.506,0.7513221081917566,0.9520172015035716,0.8550000006508404,0.6450000018334072
-0.504,0.7519375967466514,0.952018681084875,0.8549999977016352,0.6450000044112133
-0.502,0.7525528900695152,0.9520203390998059,0.8549999815392342,0.6450000022237845
-0.5,0.7531679896730387,0.9520222070081947,0.8550000013209446,0.6450000084015765
-0.498,0.753782897714414,0.9520242736128224,0.8550000046149918,0.6449999983760727
-0.496,0.7543975991675473,0.9520265298287486,0.8549999857154036,0.6450000027455509
-0.494,0.7550121212140659,0.9520289997182029,0.8549999986001307,0.6449999934879089
-0.492,0.7556264263562807,0.9520316397917865,0.8549999971954965,0.6450000004408931
-0.49,0.7562405466699716,0.9520344838220325,0.8549999890262706,0.6449999905057203
-0.488,0.7568544747860412,0.9520375250803864,0.8550000021661942,0.644999992421809
-0.486,0.757468191243314,0.9520407613538385,0.8550000065649414,0.6450000034765571
-0.484,0.758081710491995,0.9520441958943058,0.8549999819586801,0.6449999993318825
-0.482,0.7586950346106073,0.952047816094563,0.8549999868427648,0.6450000018990217
-0.48,0.7593081540063791,0.9520516437903341,0.8549999951599144,0.6449999962709806
-0.478,0.7599210806143694,0.952055652814412,0.8550000037538236,0.6449999996026612
-0.476,0.7605338162264083,0.9520598629098768,0.8549999981828944,0.6450000060255136
-0.474,0.7611463307656287,0.9520642576819912,0.8549999940882287,0.6450000051081515
-0.472,0.7617586570763083,0.9520688425049154,0.8550000069807018,0.6449999861643667
-0.47,0.7623707882066392,0.9520736216255469,0.855000007749013,0.6450000047038976
-0.468,0.7629827103066054,0.9520785892606347,0.8550000060598213,0.6450000116946231
-0.466,0.7635944394846873,0.952083770517269,0.8549999888075721,0.6450000110730907
-0.464,0.7642059620450136,0.9520891116130483,0.8549999865669546,0.6449999955485816
-0.462,0.7648172937453901,0.9520946551028694,0.8550000145281961,0.6450000110852895
-0.46,0.7654284309062362,0.9521003895606638,0.8550000006334885,0.6449999977925174
-0.458,0.7660393465799968,0.9521063102693113,0.8550000112958152,0.6450000017572309
-0.456,0.7666500776948674,0.9521124039897864,0.8549999973039348,0.6449999911317613
-0.454,0.767260598737515,0.9521187035187686,0.8549999913685569,0.6449999910185679
-0.452,0.7678709108455806,0.9521251975933979,0.8549999987098191,0.6450000034921483
-0.45,0.7684810346787465,0.9521318639829163,0.8549999886297064,0.6449999913487253
-0.448,0.7690909393363942,0.9521387281717956,0.8550000066086695,0.645000009766895
-0.446,0.7697006554149622,0.952145773524548,0.855000005281402,0.6450000002738052
-0.444,0.7703101669805468,0.952153018139085,0.8549999957032766,0.6450000038206797
-0.442,0.7709194761118019,0.9521604170732418,0.8549999892443155,0.6450000082619715
-0.44,0.7715285791184996,0.9521680410608215,0.855000002700725,0.6450000076117498
-0.438,0.7721374704087468,0.9521758315954674,0.8549999873468737,0.6450000082104629
-0.436,0.7727461638679705,0.9521837988917864,0.8550000031522519,0.6450000048422904
-0.434,0.7733546696559608,0.9521919786831915,0.854999986785928,0.6449999920405486
-0.432,0.7739629436833909,0.9522002947894597,0.8549999994737606,0.6450000120234356
-0.43,0.7745710320098739,0.9522088366097936,0.854999979159606,0.6449999997524949
-0.428,0.775178912385091,0.9522175386684486,0.8550000076174258,0.6450000086215472
-0.426,0.775786588648931,0.9522264632446021,0.8550000008385953,0.6449999945262657
-0.424,0.7763940632730423,0.9522355118025316,0.8550000046671001,0.6449999968639054
-0.422,0.7770013085255227,0.9522447841427654,0.8550000009990616,0.6449999889280049
-0.42,0.777608375556875,0.952254216965122,0.8549999893563726,0.6450000036054379
-0.418,0.7782152522536437,0.9522638210871577,0.855000013173351,0.6449999961962376
-0.416,0.7788218728579586,0.9522736406364484,0.8549999988926863,0.645000003404017
-0.414,0.7794283315562615,0.952283619311214,0.8550000107403893,0.6450000048700062
-0.412,0.7800345673852467,0.9522937820103394,0.855000006966851,0.6450000092246152
-0.41,0.7806405974621532,0.9523041339223038,0.8549999925620209,0.6449999998469342
-0.408,0.7812464113919955,0.952314653868025,0.8550000020877335,0.6449999888473992
-0.406,0.7818520332887026,0.9523253670865561,0.8549999951435869,0.6450000038349607
-0.404,0.7824574530801949,0.9523362331538416,0.8549999915778055,0.6450000015243663
-0.402,0.7830626528369551,0.9523472756668967,0.8550000055931702,0.6450000006511554
-0.4,0.7836676464602167,0.9523585475976244,0.8550000096434238,0.6450000100899932
-0.398,0.7842724475187071,0.9523699479783012,0.85499999941643,0.6450000035199476
-0.396,0.7848769993392299,0.9523815560032859,0.8549999867346593,0.6449999921285439
-0.394,0.7854813853118612,0.9523932825907808,0.8550000014666204,0.6450000038890197
-0.392,0.7860855514796001,0.9524052762376697,0.8549999982187472,0.6449999970868365
-0.39,0.7866895051005971,0.9524173799058766,0.8549999945909366,0.6450000007796601
-0.388,0.7872932561395487,0.9524296857067092,0.8550000109025331,0.644999997094071
-0.386,0.7878967886318398,0.9524421591366503,0.8549999872792922,0.6449999967504085
-0.384,0.7885001307238786,0.9524547832713537,0.8549999976195324,0.6450000028480048
-0.382,0.7891032427260353,0.9524676177854016,0.8550000063367688,0.6449999976336118
-0.38,0.7897061493174362,0.9524806081207858,0.8550000017632295,0.6450000046709492
-0.378,0.7903088694304167,0.9524937845047539,0.8549999941086464,0.6449999871063612
-0.376,0.7909113456413932,0.9525071166931119,0.855000009661952,0.6450000026971439
-0.374,0.7915136129557246,0.9525206509527598,0.854999997433819,0.6450000110281016
-0.372,0.7921156942393338,0.9525343152788758,0.85499999717235,0.6450000081285447
-0.37,0.7927175596641993,0.9525482150308299,0.8549999944184565,0.645000010621518
-0.368,0.7933192091768742,0.952562225085264,0.8549999944078113,0.6449999979902977
-0.366,0.7939206446160841,0.9525764293081175,0.8550000003648568,0.6449999929056786
-0.364,0.7945218956375922,0.9525908307881213,0.8549999966901822,0.6450000018399429
-0.362,0.7951229168928945,0.9526053709707628,0.8549999998343573,0.6450000075010303
-0.36,0.7957237278005826,0.9526200782579279,0.855000006977788,0.6449999960820768
-0.358,0.7963243252745539,0.9526349684085293,0.8550000082479094,0.645000003168467
-0.356,0.7969246983954131,0.952650033197698,0.8550000055307401,0.6449999960552859
-0.354,0.7975248559601429,0.952665261741908,0.8550000000072241,0.6449999975151623
-0.352,0.7981248299541628,0.9526806599186848,0.8549999865567567,0.645000002141691
-0.35,0.7987246020154525,0.9526962354810492,0.8550000068600547,0.6450000007680703
-0.348,0.799324113594207,0.9527119650867962,0.854999998749151,0.6450000003603741
-0.346,0.7999234363505444,0.952727876077856,0.8550000019873669,0.6450000038151779
-0.344,0.8005225390439457,0.9527439417333685,0.855000008505307,0.6449999992560087
-0.342,0.8011214275595027,0.9527601756495467,0.8550000070969683,0.6450000048637315
-0.34,0.8017201204029233,0.9527765875034712,0.8550000115475977,0.6450000125099151
-0.338,0.8023186001744219,0.9527931519314885,0.8550000094803587,0.6449999963058364
-0.336,0.8029168646898392,0.9528099128855729,0.8549999935536237,0.6450000021882318
-0.334,0.8035148897524167,0.9528268054789869,0.8549999860118677,0.6450000033413069
-0.332,0.8041127374747228,0.9528438677900075,0.8550000152548898,0.6450000114689302
-0.33,0.8047103574883655,0.9528611017030443,0.8549999904674648,0.6449999922533193
-0.328,0.8053077533497548,0.9528785026518286,0.8549999981549488,0.6449999830050538
-0.326,0.8059049362048105,0.9528960675666894,0.854999983573895,0.6449999969080359
-0.324,0.8065019051157561,0.9529137955355946,0.8549999926054148,0.6449999901501438
-0.322,0.8070986842591211,0.9529317074374587,0.8549999911946832,0.6450000016233136
-0.32,0.807695208826423,0.952949738845571,0.8549999988680773,0.6450000000500007
-0.318,0.808291537840209,0.9529679722448483,0.854999992800423,0.6449999992731671
-0.316,0.8088876570323396,0.9529863418036397,0.8550000193780716,0.6450000028338175
-0.314,0.8094835658864649,0.9530048916590103,0.8550000086595303,0.6450000034526805
-0.312,0.8100792518802749,0.9530236013586001,0.8550000063669538,0.6450000004554758
-0.31,0.8106747123944352,0.9530424881656109,0.8549999932345028,0.6449999843434074
-0.308,0.8112699580106351,0.9530615072550115,0.8549999981841754,0.6449999947631025
-0.306,0.811864984108405,0.9530806900321327,0.8549999983770455,0.6449999898789704
-0.304,0.8124598175238585,0.9531000417950897,0.8550000017036693,0.6449999934803636
-0.302,0.8130544074699294,0.9531195542794306,0.8550000046941553,0.6449999915393607
-0.3,0.8136488024112511,0.9531392415793519,0.8549999886430746,0.6450000146381617
-0.298,0.8142429510068211,0.9531590597348786,0.855000017518185,0.645000004416989
-0.296,0.8148369087487193,0.9531790520274466,0.8550000047140511,0.6450000032038647
-0.294,0.8154306485022602,0.9531992090076084,0.8550000064069364,0.6450000063773905
-0.292,0.8160241780397546,0.9532195051534124,0.8550000136207714,0.645000007705363
-0.29,0.816617459032945,0.9532399701438599,0.8549999976458352,0.6450000022049118
-0.288,0.8172105471887006,0.9532606014494707,0.8549999986367055,0.6449999970562962
-0.286,0.817803425749595,0.9532813857282477,0.8550000000619667,0.6449999943463461
-0.284,0.8183960638275967,0.9533023218362439,0.8549999913765447,0.6449999912710392
-0.282,0.8189884807079428,0.9533234266792355,0.8549999909032509,0.6449999993174755
-0.28,0.8195807005396103,0.9533446639014175,0.85500001546682,0.644999989809879
-0.278,0.820172687578371,0.9533660776738393,0.8550000045126872,0.6449999905451986
-0.276,0.8207644648192091,0.9533876372490261,0.8550000031494494,0.6450000029092869
-0.274,0.8213560181273888,0.9534093549571813,0.8549999994605446,0.6449999995323168
-0.272,0.821947342143293,0.9534312599029874,0.8549999829025636,0.6449999969469404
-0.27,0.8225384570061947,0.9534532526263267,0.8549999983164276,0.6450000000759883
-0.268,0.8231293655098886,0.9534754618581789,0.8550000043060023,0.6450000056612907
-0.266,0.8237200305710314,0.9534977932893749,0.8550000065766571,0.6449999971687196
-0.264,0.8243104976266491,0.953520279021834,0.8549999923031191,0.6449999984789622
-0.262,0.8249007327546842,0.9535429292883811,0.855000000363234,0.6450000035325019
-0.26,0.825490748736506,0.9535657534844543,0.8550000048140712,0.644999997224982
-0.258,0.8260805384989147,0.9535886925176474,0.8549999969652466,0.6449999996994854
-0.256,0.8266701247596386,0.953611791200054,0.854999998398529,0.6449999982803132
-0.254,0.8272594692533661,0.953635052714626,0.855000003980334,0.6450000088819396
-0.252,0.827848612601972,0.9536584768843335,0.8549999956949996,0.6450000146031332
-0.25,0.8284375308869356,0.9536820210403143,0.8550000011541323,0.6449999951715591
-0.248,0.8290262120208352,0.9537057144689085,0.8549999926890959,0.6449999978413277
-0.246,0.8296146880938867,0.9537295981722483,0.8550000054448577,0.6450000076815643
-0.244,0.8302029386450537,0.9537536040234167,0.8550000015877548,0.6449999862685792
-0.242,0.8307909711126427,0.9537777650517087,0.8550000136653727,0.6450000024406078
-0.24,0.8313787726312735,0.9538020808214481,0.8550000082952858,0.6449999972118131
-0.238,0.8319663730424,0.9538265320108484,0.8549999998238003,0.6449999879540721
-0.236,0.8325537425976896,0.9538511500710424,0.8550000034667085,0.6449999956080638
-0.234,0.8331408700627335,0.9538758948989431,0.8549999993316105,0.64499999703863
-0.232,0.8337278069778907,0.9539008307193199,0.8549999922206454,0.6449999963840174
-0.23,0.8343144838936069,0.9539258882436084,0.8549999884374462,0.6450000021900107
-0.228,0.834900975094437,0.9539510786904315,0.8549999859341916,0.6450000052293486
-0.226,0.8354872367516484,0.95397643482981,0.8550000033253914,0.6449999922040068
-0.224,0.8360732527160223,0.9540019469017884,0.854999979806178,0.6449999994123898
-0.222,0.8366590552964932,0.9540275947193987,0.8549999975060133,0.6450000016423466
-0.22,0.8372446571693503,0.9540533735059237,0.8550000115793946,0.645000000375833
-0.218,0.837830012067326,0.9540793253066562,0.8549999977068534,0.6449999975027856
-0.216,0.838415154310764,0.9541053865623422,0.8549999865396424,0.6450000012954078
-0.214,0.8390000722112767,0.954131641579953,0.8550000020793489,0.6450000044334154
-0.212,0.8395847360713103,0.9541579839449706,0.8549999924125227,0.6450000070102713
-0.21,0.8401692083605585,0.9541845019159579,0.8549999980146497,0.645000003705469
-0.208,0.8407534687456456,0.9542112099087644,0.8549999913277609,0.6449999982418828
-0.206,0.8413374871645757,0.9542379963674887,0.8549999855540693,0.6449999941315174
-0.204,0.8419212637005641,0.9542649557197188,0.8550000040520267,0.6449999974546615
-0.202,0.8425048503967218,0.9542920516285369,0.8549999959594453,0.645000000511618
-0.2,0.8430881776552889,0.9543192811410359,0.8549999872578515,0.6450000035353548
-0.198,0.8436712975836774,0.9543466748101612,0.8550000027709936,0.6449999994016713
-0.196,0.8442541982353863,0.9543741959937125,0.8550000011541155,0.6449999960506466
-0.194,0.844836871912693,0.9544018682354125,0.8549999946088737,0.6449999958413442
-0.192,0.8454193300926465,0.954429698721762,0.8550000139894415,0.644999999477995
-0.19,0.8460015462624348,0.954457636324507,0.8550000098734997,0.6449999941381247
-0.188,0.8465835267965622,0.9544857179124175,0.8550000071686116,0.6449999999634184
-0.186,0.8471653086962411,0.9545139397768018,0.8549999951270664,0.6450000013604515
-0.184,0.8477468534971876,0.9545423336058044,0.854999998812713,0.644999996339861
-0.182,0.8483281610426475,0.95457085502079,0.8550000115028789,0.6450000062197249
-0.18,0.8489092641341567,0.9545995007910245,0.8549999842911763,0.6450000006384051
-0.178,0.8494901199105891,0.9546282857223285,0.855000011836406,0.6450000000538868
-0.176,0.8500707717412227,0.9546572355241022,0.8549999962876372,0.644999997439848
-0.174,0.8506511759399624,0.9546863233347641,0.8549999932705141,0.644999991476129
-0.172,0.8512313742087589,0.9547155208585232,0.8549999863080479,0.6450000041499966
-0.17,0.8518113207216881,0.9547448874911029,0.8550000002165146,0.6449999965646528
-0.168,0.8523910578380594,0.9547743784889218,0.8550000027754218,0.6450000027916392
-0.166,0.8529705715691673,0.9548040055139715,0.854999986576484,0.6450000058768021
-0.164,0.8535498487854976,0.9548337624596127,0.8549999985271137,0.6449999916431199
-0.162,0.8541289043143176,0.9548636739652672,0.8550000072276852,0.645000006609331
-0.16,0.8547077352484275,0.9548937070278319,0.8549999900772405,0.6450000040007097
-0.158,0.8552863326761309,0.9549238708169885,0.8549999986700729,0.6450000013254329
-0.156,0.8558646954709639,0.9549542098837251,0.8549999945343962,0.6450000038729753
-0.154,0.8564428409179952,0.954984653425765,0.8550000119649117,0.6449999939564375
-0.152,0.8570207440195569,0.9550152357829761,0.855000000219989,0.6450000036592782
-0.15,0.857598422878504,0.9550459423196391,0.8550000030997866,0.6450000051567364
-0.148,0.8581758977462496,0.9550768059297716,0.8550000063186768,0.64500000168388
-0.146,0.8587531147211624,0.9551077990408523,0.8549999935692835,0.6449999914802264
-0.144,0.8593301347031707,0.9551389272050237,0.8550000071946345,0.6450000115267119
-0.142,0.859906907958047,0.9551701859695427,0.8549999997784096,0.645000000553758
-0.14,0.8604834473704319,0.9552015636527889,0.8550000119415182,0.6450000034308865
-0.138,0.8610597650607129,0.9552331115923546,0.8549999944788849,0.6450000039659828
-0.136,0.8616358488291487,0.9552647526584152,0.8549999829359471,0.6450000000040036
-0.134,0.862211705707802,0.9552965495852432,0.8549999980035814,0.6449999988305807
-0.132,0.8627873588592617,0.95532847915789,0.8549999976045413,0.6450000000964362
-0.13,0.8633627356115101,0.9553605390349346,0.8549999967105439,0.6449999925333809
-0.128,0.8639379223455884,0.9553927329714006,0.8549999982223521,0.6449999990940456
-0.126,0.8645128572221417,0.9554250431548988,0.8549999910092411,0.6449999966579949
-0.124,0.8650875591982191,0.9554575119500961,0.8550000090275324,0.6449999983114488
-0.122,0.8656620411656936,0.955490101653356,0.8549999869985806,0.6450000049639815
-0.12,0.8662362856503191,0.955522797234063,0.8550000073421671,0.6450000001950233
-0.118,0.8668103201125102,0.9555556563387704,0.8549999917321136,0.645000003506649
-0.116,0.8673841041391595,0.955588629055009,0.8550000063924172,0.645000005277936
-0.114,0.867957666205105,0.9556217336850055,0.8550000060711391,0.6449999923829297
-0.112,0.8685309977008465,0.9556549555477413,0.8549999919947171,0.6450000042007968
-0.11,0.8691041185947381,0.9556883302444423,0.8549999952372402,0.6450000019880474
-0.108,0.8696769646471573,0.9557218280617346,0.8550000094725717,0.6450000035976234
-0.106,0.8702496148749681,0.9557554561504885,0.8550000125724333,0.6449999901321358
-0.104,0.8708220082918329,0.9557892035241345,0.8550000035083436,0.6449999999484484
-0.102,0.8713941763343551,0.9558231142639143,0.8550000166214135,0.6449999965760308
-0.1,0.8719661411522314,0.9558570920890875,0.8549999957785226,0.6449999935078398
-0.098,0.872537845943576,0.9558912315611858,0.8550000175852136,0.6450000066989168
-0.096,0.8731093238826647,0.9559254938938458,0.8549999873816567,0.6450000013604148
-0.094,0.8736805779680548,0.9559598871339064,0.8550000105986557,0.6449999916787899
-0.092,0.8742515992509227,0.955994399111183,0.854999988254569,0.6450000023140139
-0.09,0.8748223899865355,0.9560290314998166,0.8549999967103832,0.6449999973817855
-0.088,0.8753929407973905,0.9560638100504257,0.8549999955108868,0.6449999943254748
-0.086,0.8759632530239281,0.9560987064231498,0.8549999922644326,0.6450000010470704
-0.084,0.876533364044695,0.9561337240099683,0.854999998455738,0.6449999897970977
-0.082,0.8771032320685861,0.956168871143036,0.8549999957153636,0.6449999968467892
-0.08,0.8776728554895411,0.9562041377596934,0.8549999925236057,0.6449999892431396
-0.078,0.8782422610553933,0.9562395545733868,0.8549999988630388,0.6450000041256191
-0.076,0.8788113976451087,0.9562750697578789,0.8549999942759071,0.645000005580323
-0.074,0.8793803340012929,0.9563107152013129,0.8549999892127652,0.645000001378255
-0.072,0.8799490272432798,0.9563464684796518,0.8549999818748005,0.6449999831969432
-0.07,0.8805175123588151,0.9563823673994049,0.8550000073939777,0.6449999931406047
-0.068,0.8810857216252506,0.9564183818908356,0.8549999888440303,0.6450000055375554
-0.066,0.8816537355274597,0.9564545257438754,0.8549999931376902,0.6449999984852451
-0.064,0.8822215000505969,0.9564907767494385,0.8549999916525359,0.6449999971453735
-0.062,0.8827890358417487,0.9565271634847776,0.8550000046987045,0.6449999971423385
-0.06,0.8833563377645216,0.956563669244396,0.8549999976635477,0.6449999991580595
-0.058,0.883923395521126,0.9566002808643752,0.8549999964477404,0.6449999966511542
-0.056,0.8844902215484439,0.9566370417682412,0.8550000086635692,0.6450000047440683
-0.054,0.8850568210219687,0.9566739016993481,0.854999998581469,0.6449999972236233
-0.052,0.8856232006680532,0.9567109026972437,0.8550000150291748,0.6449999906501637
-0.05,0.8861893263113265,0.9567480148369256,0.8549999881725379,0.6449999933501848
-0.048,0.8867552248754479,0.9567852463142883,0.8549999935820702,0.6450000037828992
-0.046,0.8873208878048153,0.956822603339479,0.8549999914986767,0.645000004876342
-0.044,0.8878863071288455,0.9568600702369607,0.8549999909631298,0.644999989101614
-0.042,0.8884515235531748,0.9568976583922751,0.8549999960061886,0.6449999889287831
-0.04,0.889016461614257,0.9569353573466493,0.8550000077208387,0.6449999933443784
-0.038,0.8895811928882269,0.9569731708110464,0.855000007992164,0.6449999997374132
-0.036,0.8901456756640735,0.9570111642164715,0.8550000069450975,0.6449999989694484
-0.034,0.8907099200018,0.9570491851274696,0.8549999915894977,0.644999997625512
-0.032,0.891273964571307,0.9570873685921867,0.8550000012082735,0.6450000072710284
-0.03,0.8918377337926755,0.9571256983918331,0.8549999914542639,0.6450000024770706
-0.028,0.892401278978264,0.9571641163241186,0.8550000075876529,0.6450000214243276
-0.026,0.8929646010179466,0.957202649657925,0.8549999851786086,0.6449999923099616
-0.024,0.8935276812653332,0.9572413087866127,0.8550000129590887,0.6450000011025613
-0.022,0.8940905286670701,0.957280074418375,0.8550000132717731,0.6449999969024884
-0.02,0.8946531487994335,0.9573189771932188,0.8550000018998498,0.6449999912053174
-0.018,0.8952155106685086,0.9573579650933871,0.8549999881898364,0.6450000018873756
-0.016,0.8957776306455855,0.9573970860065807,0.8550000005861158,0.6450000055840985
-0.014,0.8963395409976154,0.9574363236880294,0.8550000020385639,0.6449999967346617
-0.012,0.8969012197929049,0.957475667244312,0.855000012062733,0.6450000094302385
-0.01,0.8974626428422771,0.9575151483686539,0.8549999940310308,0.6450000064771858
-0.008,0.8980238430688944,0.957554718949451,0.85499999547302,0.6449999938049155
-0.006,0.8985847982578801,0.9575944198568999,0.8550000209057461,0.6450000032313004
-0.004,0.8991455177700405,0.9576342386822184,0.854999997550994,0.6449999953537542
-0.002,0.8997059990356144,0.9576741407689613,0.8550000021371253,0.6449999961856641
0.0,0.9002662489844196,0.9577141817227911,0.8549999806129396,0.6449999915047376
0.002,0.9008262574842868,0.9577543421775194,0.8549999856258036,0.644999994871654
0.004,0.9013860263121425,0.9577945846728733,0.8550000119222255,0.6449999922885274
0.006,0.9019455569061509,0.9578349710253686,0.8549999867889571,0.6449999999345496
0.008,0.9025048909423629,0.9578754437207498,0.8549999873661946,0.6450000050198899
0.01,0.9030639282650659,0.9579160535851279,0.8549999992468204,0.6449999968777309
0.012,0.9036227693274976,0.9579567668395547,0.8549999791122537,0.6450000141345804
0.014,0.9041813430282193,0.9579976041785393,0.8549999975286063,0.6449999879035445
0.016,0.9047397010416746,0.9580385260547721,0.8549999935171141,0.6449999927092538
0.018,0.9052978139128304,0.9580795688911365,0.8550000005988909,0.6450000042712908
0.02,0.905855709904134,0.9581207457994256,0.8550000051857214,0.6449999973326414
0.022,0.9064133384300966,0.9581619910076244,0.8550000041604574,0.6450000009873395
0.024,0.9069707399211122,0.9582033828804564,0.8550000003628767,0.6450000034836473
0.026,0.9075279014911605,0.9582448847971988,0.8549999977123313,0.6449999998621355
0.028,0.9080848354055017,0.9582864540165392,0.8550000082765833,0.6449999913513397
0.03,0.9086415264182001,0.9583281808858559,0.8549999950619763,0.6449999948714991
0.032,0.9091979730770834,0.958369991465834,0.8550000040467366,0.6450000019322571
0.034,0.9097541978327988,0.958411935670783,0.8549999994364798,0.6450000030867575
0.036,0.9103101555198717,0.9584539545003775,0.8549999864333059,0.645000001211534
0.038,0.91086589118991,0.9584961256599199,0.8549999955223545,0.6450000026199246
0.04,0.9114214031201636,0.9585383601194837,0.8550000027071007,0.6450000011806646
0.042,0.9119766729681602,0.9585807106699388,0.8549999985729974,0.644999996647521
0.044,0.9125316912907173,0.9586231893525825,0.8549999972947342,0.6450000014731706
0.046,0.9130864635533391,0.9586657685046576,0.8550000040456293,0.6450000031098149
0.048,0.9136410054277829,0.9587084526596862,0.8549999933660564,0.6450000048389125
0.05,0.9141953279561349,0.9587512378536087,0.854999994650422,0.6450000042335449
0.052,0.914749367216647,0.9587941212742559,0.8550000065673259,0.6449999932027487
0.054,0.9153032149816801,0.9588371285818224,0.8549999978480533,0.645000009323041
0.056,0.9158568047635588,0.958880259215276,0.8550000016984531,0.6449999985191045
0.058,0.9164101566223739,0.958923477427525,0.8550000060136216,0.645000005275465
0.06,0.9169632909863488,0.9589667911040604,0.855000013383932,0.6449999943045144
0.062,0.9175161385197732,0.9590102010228769,0.85499999109217,0.6449999994100144
0.064,0.9180687479453423,0.9590537519482936,0.8549999940965974,0.6449999982153375
0.066,0.9186211655310166,0.9590973931842488,0.855000010569705,0.645000001495364
0.068,0.9191732989272727,0.959141130925525,0.8549999944939073,0.645000008993835
0.07,0.9197252270372721,0.959184980385749,0.8549999920256142,0.6449999925928936
0.072,0.9202768982008082,0.9592289050145333,0.8549999869718015,0.6449999945096873
0.074,0.9208283512154904,0.9592729942547713,0.8549999997812017,0.6449999997465999
0.076,0.9213795399296255,0.9593171406650194,0.8549999993868884,0.644999996825867
0.078,0.9219304807368405,0.9593614121224439,0.8549999936497583,0.6450000038381696
0.08,0.9224812058498842,0.9594057568881246,0.8550000106434561,0.6450000056882882
0.082,0.9230316887310096,0.9594502386106142,0.855000012835665,0.6450000032329707
0.084,0.9235819261896958,0.9594948001083728,0.8549999936411189,0.645000004918548
0.086,0.9241319202572444,0.9595394652084064,0.8550000133854119,0.6449999974128493
0.088,0.9246816626660734,0.9595842577627575,0.8549999942638086,0.6450000021521383
0.09,0.9252311663228759,0.9596291260559016,0.8550000039585554,0.6450000053568087
0.092,0.9257804595727611,0.9596741120988578,0.8549999953943274,0.6450000118578969
0.094,0.926329494809549,0.9597191757525408,0.8550000098249144,0.6450000024976071
0.096,0.9268782785027223,0.9597643661713575,0.8550000013395556,0.6449999944272107
0.098,0.92742681890203,0.9598096313348058,0.8549999988255572,0.6450000003182341
0.1,0.9279751280217697,0.9598550228718146,0.8549999996420147,0.6450000008295818
0.102,0.928523201148796,0.9599004931648979,0.8550000005433555,0.64499999700603
0.104,0.9290710307537597,0.959946070342578,0.8549999946201117,0.6449999897091794
0.106,0.9296186149539636,0.9599917820649213,0.8549999946864698,0.6450000020927719
0.108,0.9301659662972748,0.9600375331519188,0.8549999860310641,0.6450000080660376
0.11,0.9307130698601589,0.9600834407126302,0.8549999848596905,0.6450000101877356
0.112,0.9312599467560008,0.9601294165532515,0.8549999950898192,0.6450000022698781
0.114,0.9318065764419794,0.960175493320067,0.8549999973127523,0.6450000030842559
0.116,0.9323529495743051,0.9602216657183834,0.8549999953596109,0.6449999836630687
0.118,0.9328991039987097,0.960267923175344,0.8549999974578076,0.6450000071273916
0.12,0.933444995086769,0.9603143006531585,0.8549999957274419,0.6449999926854423
0.122,0.9339906455595764,0.9603608008387413,0.8550000058416188,0.6449999934329148
0.124,0.9345360395749053,0.9604073553255033,0.8550000022967779,0.6449999920360826
0.126,0.935081236582208,0.960454029081585,0.8550000030510021,0.6449999977132181
0.128,0.9356261665391545,0.9605007732990479,0.8550000013799783,0.6449999917755351
0.13,0.9361708554683841,0.9605476499112561,0.8549999994478994,0.6450000022621555
0.132,0.9367152992970664,0.9605945740383942,0.8549999903495448,0.6449999999250864
0.134,0.9372595226890101,0.9606416534801543,0.8549999984685408,0.6449999968081788
0.136,0.9378034702515686,0.9606888119175877,0.8549999916198817,0.6449999957288081
0.138,0.9383471967176217,0.9607360638552972,0.8549999992389973,0.6449999993138698
0.14,0.9388906713680981,0.9607833821164968,0.8549999789417726,0.6450000034186616
0.142,0.9394339050616236,0.9608308251018975,0.8550000064462766,0.644999989232268
0.144,0.9399769194955687,0.960878348831443,0.8550000047120575,0.6449999891336655
0.146,0.9405196614464366,0.9609259790607191,0.8549999970049369,0.645000005143752
0.148,0.9410621829797039,0.9609737062737557,0.8549999990085205,0.6450000059064034
0.15,0.9416044249212406,0.9610215209871473,0.8549999965182594,0.6449999917660485
0.152,0.9421464895729058,0.9610694381313748,0.8550000020090578,0.6450000042701922
0.154,0.9426882668683377,0.9611174165982331,0.8549999905789274,0.6449999982073781
0.156,0.943229789609575,0.9611655291569441,0.8550000036715033,0.6450000022768421
0.158,0.9437710997316762,0.9612137282816592,0.8549999914422368,0.6450000006226329
0.16,0.9443121566914623,0.9612620013343918,0.8549999936499619,0.6449999934909695
0.162,0.9448529736070056,0.9613103892542824,0.8550000041491713,0.6450000029474864
0.164,0.9453935151019864,0.9613588514041148,0.8549999998634538,0.6449999987406566
0.166,0.9459338387385188,0.9614074162173324,0.8549999978042659,0.645000000963379
0.168,0.9464739403069962,0.9614560568018725,0.8549999991864607,0.6450000051777657
0.17,0.9470137964410604,0.9615048089870087,0.855000011963314,0.6449999972407149
0.172,0.9475533873075436,0.9615536418718545,0.8550000100247833,0.6450000054316742
0.174,0.9480927099217481,0.9616025662091044,0.8549999893494628,0.6449999983027335
0.176,0.9486318429715764,0.9616516217689317,0.854999997096755,0.6450000063496727
0.178,0.9491707139372219,0.9617006975542961,0.8550000040548367,0.644999996442653
0.18,0.9497093331630269,0.9617499076358742,0.8550000071170483,0.6449999997020269
0.182,0.9502477080919488,0.9617991853564358,0.8549999956445669,0.6450000092319305
0.184,0.950785856794389,0.9618485766280465,0.8550000040073407,0.645000008791534
0.186,0.9513237342405191,0.9618980501987925,0.8550000029324363,0.6449999979111649
0.188,0.9518613782654386,0.961947615964906,0.8550000008972667,0.6449999985667042
0.19,0.9523987977683741,0.9619972658799127,0.8550000045815747,0.6450000100026939
0.192,0.9529359615747152,0.9620470151632665,0.8550000015948722,0.6449999918572189
0.194,0.9534728681665973,0.9620968505055547,0.8550000074171803,0.6450000013934387
0.196,0.9540095606469308,0.9621467710518148,0.8549999939230322,0.6450000002001435
0.198,0.9545459807924811,0.9621967809688696,0.855000005952375,0.6450000025493638
0.2,0.9550821706984413,0.9622468577335435,0.8550000020902598,0.6449999978196562
0.202,0.9556181012377554,0.962297045136081,0.8550000086577818,0.6449999919461055
0.204,0.9561537974797442,0.9623473381618517,0.8550000071822935,0.645000005732182
0.206,0.9566892565513556,0.9623976812496597,0.8550000024874567,0.645000008843645
0.208,0.9572244219409906,0.962448131419226,0.854999996396606,0.6449999979417355
0.21,0.9577594431584432,0.9624986756920632,0.8549999958208858,0.644999998166514
0.212,0.9582941460408299,0.9625492889711481,0.8550000010396798,0.6449999936081359
0.214,0.9588286290210194,0.9626000036177592,0.8550000005871051,0.6450000020100616
0.216,0.9593628489079004,0.9626507867396885,0.8549999802746489,0.6450000012477556
0.218,0.9598968458256251,0.9627016990947598,0.8549999880290863,0.6450000064052964
0.22,0.9604305926788843,0.9627526318083801,0.8550000027982056,0.6449999965877515
0.222,0.9609640888741826,0.9628037146391226,0.8549999951878743,0.6450000022784255
0.224,0.9614973276721088,0.9628548584567456,0.8550000005586207,0.6450000096377712
0.226,0.9620303386635947,0.9629060841557986,0.8549999977213758,0.6450000030200226
0.228,0.9625631058341341,0.9629573788581025,0.8549999976831414,0.6450000056747629
0.23,0.9630956287874419,0.9630087840909239,0.8549999974330452,0.6449999965961674
0.232,0.9636279093904612,0.963060261572224,0.8550000124360049,0.6450000026630075
0.234,0.964159926098868,0.9631118406684543,0.8550000011510634,0.644999993548523
0.236,0.9646917043026131,0.9631634476406464,0.854999981975151,0.6450000108243563
0.238,0.9652232589227708,0.9632152129023942,0.8550000035281146,0.6450000092003159
0.24,0.9657545475245463,0.9632670448648608,0.8550000001097947,0.6450000021722762
0.242,0.9662855883560014,0.963318936470447,0.8549999847441765,0.6450000019090351
0.244,0.9668164125712227,0.9633709168456419,0.8550000009125774,0.6450000017666385
0.246,0.9673469498813808,0.9634229811283489,0.8550000037459198,0.6450000052619598
0.248,0.9678772778640096,0.9634751286289711,0.8550000056729894,0.6450000170154119
0.25,0.9684073407906493,0.9635273660705218,0.8550000158894412,0.6450000042138527
0.252,0.9689371655969866,0.9635796911724743,0.8550000123137825,0.6449999987751718
0.254,0.9694667364090331,0.9636320869781404,0.8550000014525364,0.6450000004432154
0.256,0.9699960796830298,0.9636845767389631,0.8550000032381838,0.6450000024570584
0.258,0.9705251668933285,0.9637371231122501,0.8550000080797527,0.6449999951982818
0.26,0.9710539997676434,0.9637897911346003,0.8549999974794721,0.6450000063253235
0.262,0.9715826091925382,0.9638425039587792,0.8550000072462192,0.6450000046266896
0.264,0.9721109601379833,0.9638953206529474,0.8550000086379458,0.6450000135656924
0.266,0.9726390582882751,0.9639482054215507,0.8550000060533923,0.6450000039098669
0.268,0.9731669093980795,0.9640011730181574,0.8549999917502192,0.6450000023237819
0.27,0.9736945429823369,0.9640542255687422,0.8550000091057843,0.645000016421799
0.272,0.9742218884839937,0.9641073575011996,0.8550000085231482,0.6449999973008054
0.274,0.9747490200000554,0.9641605687460904,0.8549999983858989,0.6450000104300898
0.276,0.9752758951797649,0.9642138373808302,0.8550000042252833,0.644999999280572
0.278,0.9758025215942567,0.9642672291334354,0.8550000063606853,0.6450000014405046
0.28,0.9763288972898136,0.9643207039354157,0.855000002711905,0.6449999994963138
0.282,0.9768550514200004,0.9643741920547182,0.8550000023124033,0.6450000071298055
0.284,0.9773809245015156,0.9644278154855594,0.854999993187676,0.6449999887353328
0.286,0.9779065638295732,0.9644814910779081,0.8550000037175102,0.6450000045949765
0.288,0.9784320022055856,0.9645352679993724,0.8550000042322078,0.6450000055138169
0.29,0.9789571353644124,0.9645891279038912,0.8550000161090406,0.6449999960929657
0.292,0.9794820340052499,0.964643035495709,0.8549999926246667,0.6450000040716248
0.294,0.9800066992790452,0.9646970405377566,0.8550000183248129,0.6449999967687983
0.296,0.9805311106851964,0.9647511125854306,0.855000001089032,0.6449999963654584
0.298,0.9810552881138337,0.9648052436858429,0.8550000036598052,0.6449999983852321
0.3,0.9815792003199811,0.9648594967439386,0.854999988427443,0.6449999930988265
0.302,0.9821028854301944,0.9649138108617332,0.8549999991687867,0.6450000040562227
0.304,0.9826262913827294,0.9649681952304321,0.8550000023622794,0.6450000052297525
0.306,0.9831494851147994,0.9650226634902568,0.855000000459825,0.6450000026337306
0.308,0.9836724303044886,0.9650772106246827,0.8550000009657561,0.6450000045714919
0.31,0.9841951141076807,0.965131806327955,0.8550000099323384,0.6449999972530139
0.312,0.9847175591003087,0.9651865016980014,0.854999992327994,0.6450000101738412
0.314,0.985239750969434,0.9652412981629105,0.855000009884931,0.6449999974878267
0.316,0.9857616799631267,0.9652961136721339,0.854999996164703,0.645000009292937
0.318,0.9862834244384913,0.965351035274186,0.8549999985408252,0.6450000015438683
0.32,0.9868048448569346,0.9654060278281924,0.8550000122837339,0.645000003238779
0.322,0.987326053664418,0.9654611127243219,0.8549999920064313,0.6449999988416595
0.324,0.9878470316141201,0.9655162470292759,0.8549999865910572,0.6449999989801194
0.326,0.9883677399833612,0.965571467566426,0.8550000045837904,0.6450000062133749
0.328,0.9888882131551768,0.9656267533112035,0.8550000003377051,0.6449999960323273
0.33,0.989408430040304,0.9656821054715785,0.854999990605797,0.6449999928289342
0.332,0.989928394640767,0.9657375583425258,0.8549999923425817,0.6450000032365708
0.334,0.990448133547667,0.9657930799478037,0.8550000028336567,0.6450000058244117
0.336,0.9909676061115705,0.9658486485137688,0.8549999961173146,0.6450000075943386
0.338,0.9914868546997772,0.9659043398467381,0.8549999908197398,0.644999998116559
0.34,0.9920058238784987,0.9659600781199654,0.8550000031214587,0.6449999947125842
0.342,0.9925245703596914,0.9660158750181315,0.8550000040295951,0.6450000032286969
0.344,0.9930430717081942,0.966071761209567,0.8550000046446988,0.6450000087551616
0.346,0.9935613048747652,0.9661277204670757,0.8549999954879595,0.6450000054000794
0.348,0.9940793318115357,0.966183730630525,0.8549999936604482,0.644999993473145
0.35,0.9945970618824099,0.9662398354173828,0.8550000022455224,0.6449999996662853
0.352,0.995114578205384,0.966296001222494,0.8549999805371415,0.6449999941912822
0.354,0.9956318280446084,0.9663522499535356,0.855000011994817,0.6450000002645742
0.356,0.9961488371152952,0.9664085586745167,0.8549999844507234,0.6449999953697886
0.358,0.9966655929332306,0.9664649481350193,0.8549999993537775,0.6450000049593193
0.36,0.9971821131809991,0.9665213953697949,0.8549999864015628,0.6449999950385843
0.362,0.9976983604365357,0.9665778893706648,0.8549999918193776,0.6449999904408603
0.364,0.9982143881924183,0.9666345058977355,0.8550000057003384,0.644999999719659
0.366,0.9987301616391208,0.9666911880816769,0.8550000064341244,0.6449999896592175
0.368,0.9992456966858956,0.9667479271620966,0.8549999860875114,0.6449999936242691
0.37,0.9997609642882802,0.9668047081389421,0.8549999969091551,0.6449999877101112
0.372,1.0002759845708598,0.9668615961595254,0.854999996009458,0.6449999916415137
0.374,1.0007907738680717,0.9669185457808069,0.8549999954781156,0.6449999954489982
0.376,1.0013053258189153,0.9669755652128568,0.8550000020411266,0.6449999920182423
0.378,1.0018196030682878,0.9670326429224102,0.8549999901055956,0.645000019916915
0.38,1.0023336474256699,0.9670898190496979,0.8549999994108284,0.6450000059302583
0.382,1.0028474534382927,0.9671470307739478,0.8549999935746723,0.6449999934191456
0.384,1.0033609708797424,0.9672043201459887,0.85500002873192,0.6450000064962721
0.386,1.003874258403228,0.9672616794389275,0.8550000026457103,0.6450000077960489
0.388,1.0043873056771566,0.9673191124580827,0.8550000020198837,0.6449999962813935
0.39,1.0049001266265378,0.9673766140286723,0.8550000025399643,0.6449999918789979
0.392,1.0054126603441988,0.9674341727584733,0.855000003664323,0.6450000056698256
0.394,1.0059249869169962,0.9674917989967281,0.8550000048500025,0.6450000128637079
0.396,1.0064370306472892,0.9675495210242204,0.8549999942859702,0.6449999941857982
0.398,1.006948853999339,0.9676072621254658,0.8549999939131705,0.6449999989213936
0.4,1.0074603850822788,0.9676651143607161,0.8550000133095227,0.6449999964802702
0.402,1.007971713336299,0.9677229830078719,0.8549999994944135,0.6450000076787933
0.404,1.0084827752047665,0.9677809818568522,0.8550000127488481,0.6449999943838913
0.406,1.0089935881578136,0.9678390046882538,0.8550000123022884,0.6449999948433017
0.408,1.0095041685865462,0.9678971159862049,0.8550000038180514,0.6449999819151443
0.41,1.0100144748579163,0.9679552745730955,0.8550000101656832,0.6450000061612148
0.412,1.01052455672669,0.968013490374964,0.8550000135228066,0.6450000069131602
0.414,1.0110343912158712,0.9680718104054943,0.8550000029347418,0.6450000029357815
0.416,1.0115439707481404,0.9681301524202968,0.8549999902490183,0.6450000008547
0.418,1.0120532854930322,0.9681886070765612,0.855000011139221,0.6450000030796368
0.42,1.012562355900871,0.9682470831125981,0.8549999966673212,0.6450000021769243
0.422,1.0130712200725127,0.9683056315962946,0.854999996629253,0.6450000022047069
0.424,1.0135797865926786,0.9683642868988893,0.8549999945653448,0.6449999906004372
0.426,1.0140881447342611,0.9684229547876261,0.8550000104104595,0.6450000008502914
0.428,1.0145962254958591,0.968481708100574,0.855000009581613,0.6449999936903797
0.43,1.0151040886032285,0.9685405278173735,0.855000011477894,0.6450000088083292
0.432,1.0156116570319829,0.968599413433147,0.8549999861671107,0.6450000034602521
0.434,1.0161189939094852,0.9686583616247059,0.8549999804817003,0.6449999953507826
0.436,1.0166261001900452,0.9687173620186609,0.8550000002634693,0.6449999961470576
0.438,1.01713293906856,0.9687764307914265,0.8550000276770628,0.645000000068108
0.44,1.0176395310288369,0.9688355778879192,0.8549999996577489,0.6449999983605749
0.442,1.0181458955117708,0.9688947651515463,0.855000011795271,0.6449999985166246
0.444,1.0186520059518527,0.9689540320540584,0.8550000076139072,0.6450000134630542
0.446,1.0191578568344588,0.9690133466614392,0.8550000057985049,0.6450000023586645
0.448,1.0196634657470471,0.9690727384688148,0.8549999968750241,0.645000011981116
0.45,1.0201688153403325,0.9691321979146172,0.8549999936944878,0.6449999959928112
0.452,1.0206739120835058,0.9691916770692198,0.8549999972325679,0.6450000018043901
0.454,1.0211787668366763,0.9692512700696526,0.8549999968892774,0.6449999984959924
0.456,1.0216834019154208,0.9693108986270074,0.8549999875964506,0.645000002620753
0.458,1.0221877600173217,0.9693706031956076,0.8549999971708827,0.6450000132483719
0.46,1.0226918684557693,0.9694303530031423,0.8550000027028153,0.6450000020879085
0.462,1.0231957410979442,0.9694901706389044,0.8550000129680377,0.6450000034370538
0.464,1.0236993660957783,0.9695500347645213,0.8549999962980713,0.6450000088028863
0.466,1.0242027331859516,0.9696099988805508,0.8549999791824571,0.645000004106182
0.468,1.0247058516527061,0.9696699940336525,0.8550000007741403,0.6449999996854724
0.47,1.0252087215186692,0.9697300519285151,0.8549999855946098,0.645000001520448
0.472,1.02571136567512,0.9697901609958558,0.8549999981232528,0.6450000020555458
0.474,1.026213732880336,0.9698503535458584,0.8550000023216675,0.64499999712431
0.476,1.0267158540778223,0.9699105968938846,0.8549999910780578,0.6449999924644162
0.478,1.0272177395944126,0.9699708897022776,0.8550000045603958,0.6449999972814872
0.48,1.0277193591648484,0.9700312450415136,0.8549999993761199,0.6449999976853472
0.482,1.0282207422193717,0.9700916721972023,0.8550000135413914,0.6449999930576543
0.484,1.0287218844058563,0.9701521328118496,0.8550000000592926,0.64499999770103
0.486,1.0292227753258807,0.970212685442174,0.8550000131348833,0.6450000019318665
0.488,1.0297234181945147,0.970273287928786,0.8549999992476289,0.6450000039454835
0.49,1.030223790410506,0.9703339169127249,0.8549999976703913,0.6449999992489889
0.492,1.030723927394699,0.9703946493303658,0.8549999860196369,0.644999998889806
0.494,1.0312238285966073,0.9704554119679186,0.8549999933138308,0.6450000080844585
0.496,1.0317234557840202,0.9705162672890876,0.8550000055858419,0.645000003724603
0.498,1.0322228390095474,0.970577141351431,0.8550000153427831,0.644999993012808
0.5,1.0327220110580506,0.9706380634449873,0.8549999868096824,0.6449999956834223
0.502,1.0332209104416468,0.9706990940901205,0.8549999921908195,0.645000003121847
0.504,1.033719537255162,0.970760141642229,0.8550000013131467,0.6449999914287557
0.506,1.0342179494105084,0.9708212480353444,0.854999993384127,0.6449999998547243
0.508,1.0347160742149049,0.9708824290985879,0.8549999987491378,0.6450000024241991
0.51,1.0352139920303398,0.9709436563071985,0.854999998116121,0.6449999991223233
0.512,1.0357116601043665,0.9710049512814689,0.8549999928968278,0.6450000108231186
0.514,1.0362090421993149,0.9710662776951826,0.8550000046541295,0.6450000039453567
0.516,1.0367062199953638,0.9711276842479089,0.855000016159952,0.6449999952041291
0.518,1.0372031424768544,0.9711891457233603,0.8549999985372873,0.6450000097730074
0.52,1.0376997789146565,0.971250662070008,0.8550000053277136,0.6449999968775695
0.522,1.0381961741732868,0.9713122164975355,0.8550000097147316,0.6449999954594708
0.524,1.0386923526595297,0.9713738495559759,0.8549999895917115,0.6450000047943475
0.526,1.0391882432270283,0.9714355291426062,0.8550000110284237,0.6449999939111223
0.528,1.039683926480543,0.9714972577756442,0.8549999979068916,0.6449999972852133
0.53,1.0401793445942322,0.9715590329576678,0.8549999881930977,0.6449999996457184
0.532,1.0406745034619345,0.9716208931532243,0.8549999991145364,0.645000004273206
0.534,1.0411694038026214,0.9716827845257296,0.8550000109627574,0.6449999982328312
0.536,1.0416640880610244,0.9717447303752595,0.8550000147585982,0.6450000034830364
0.538,1.0421585050021325,0.9718067461455318,0.8550000049917688,0.6449999925985773
0.54,1.0426526838343486,0.971868794486629,0.8549999973821987,0.6449999981924233
0.542,1.0431465823943,0.9719308976973493,0.8550000026152021,0.644999999916986
0.544,1.043640241268685,0.9719930779882345,0.8549999965773609,0.6450000058532711
0.546,1.0441337027813054,0.9720553122693473,0.8550000025811213,0.6450000002333844
0.548,1.0446268695913532,0.9721175620400148,0.854999987994033,0.6449999954085367
0.55,1.0451198011740703,0.9721799053610246,0.8549999870272169,0.6450000154848584
0.552,1.0456124716270556,0.972242277946704,0.8549999877262746,0.6450000048532848
0.554,1.04610492552586,0.972304725750844,0.8549999965099796,0.6449999981489363
0.556,1.0465970749555482,0.9723671986434983,0.8550000203416969,0.6449999923732737
0.558,1.047089015232351,0.9724297370776195,0.8550000024111312,0.644999998277069
0.56,1.047580696093451,0.9724923522463985,0.8549999978963546,0.6449999948978147
0.562,1.0480721421787562,0.9725549941772196,0.855000003194584,0.6450000061576442
0.564,1.048563311981912,0.9726176864106795,0.8550000015947757,0.6450000059776622
0.566,1.049054245752243,0.9726804241879897,0.8549999895845924,0.6449999925506371
0.568,1.0495449387038738,0.9727432292596959,0.8549999816499901,0.6450000041862434
0.57,1.0500354038400779,0.9728060815861185,0.8549999907281853,0.644999996419178
0.572,1.0505255776883373,0.9728689870083633,0.8550000002035254,0.6449999990604657
0.574,1.0510154946126862,0.9729319423535426,0.854999982520956,0.6449999943273351
0.576,1.0515051966555542,0.972994934768505,0.8550000192517819,0.6450000083162873
0.578,1.0519946378563474,0.9730579736560475,0.8550000041005432,0.6449999932424193
0.58,1.0524838435830923,0.9731210849549565,0.8549999961815241,0.6449999989227878
0.582,1.0529727785813914,0.9731842485516125,0.854999998342399,0.6450000089378337
0.584,1.0534614930875805,0.9732474650040566,0.8550000171797817,0.6450000053608559
0.586,1.053949934882422,0.9733107280465114,0.8550000145196569,0.6450000069566028
0.588,1.0544381263788063,0.9733740363668597,0.8550000078055581,0.6449999993312887
0.59,1.054926100188471,0.9734373820979209,0.854999990590887,0.6449999935247894
0.592,1.0554137875075924,0.9735007829661481,0.8550000092350187,0.6450000014514364
0.594,1.0559012544338695,0.9735642435876706,0.8549999888029326,0.6449999986603465
0.596,1.056388454256087,0.9736277457713255,0.8550000010192708,0.6449999924326132
0.598,1.0568754191928855,0.9736912952714148,0.8550000117362351,0.6450000038222488
0.6,1.057362111831018,0.9737549174091583,0.8549999955728314,0.6449999991230975
0.602,1.0578485859383695,0.9738185741893619,0.8549999976687366,0.6449999917843321
0.604,1.0583347905470217,0.9738822598410785,0.8549999970056287,0.6449999982611698
0.606,1.0588207449452218,0.9739460058383331,0.8549999837846538,0.645000003043151
0.608,1.0593064709691138,0.9740097935388139,0.8549999785392545,0.645000006597335
0.61,1.0597919237773368,0.9740736618499403,0.8550000008676076,0.6449999871389496
0.612,1.0602771584075168,0.974137578288191,0.8550000044815957,0.6450000004555647
0.614,1.0607621255484068,0.9742014982141692,0.8549999978828204,0.6450000061162628
0.616,1.061246832049173,0.974265488103038,0.8549999964213196,0.6449999884386459
0.618,1.0617312964335324,0.9743295221017755,0.854999982033259,0.6450000019838571
0.62,1.0622155286383803,0.9743935944743413,0.8549999979556593,0.6450000011658935
0.622,1.0626995050830643,0.9744577166618853,0.8549999844385647,0.6450000091726437
0.624,1.0631832053775603,0.9745219146993432,0.8549999927914025,0.6449999936135867
0.626,1.063666708171738,0.9745861364013221,0.8550000110062653,0.6449999985864163
0.628,1.064149926606075,0.9746504042433339,0.8550000049710941,0.6449999984419823
0.63,1.0646328907091478,0.9747147325705182,0.8550000077778196,0.6449999985178184
0.632,1.0651156176257843,0.9747791055184973,0.8549999949359314,0.6449999952468962
0.634,1.0655981030595494,0.9748435063040385,0.8550000036944747,0.6450000063073044
0.636,1.0660803370341179,0.9749079713881792,0.8550000005762401,0.6449999988600196
0.638,1.0665623297243023,0.9749724754161483,0.8550000162690548,0.644999998434294
0.64,1.0670440443413833,0.9750370092009083,0.8550000001988595,0.6449999892710166
0.642,1.067525546460541,0.9751016095225211,0.855000001758766,0.6450000022118104
0.644,1.0680067700583067,0.9751662666774475,0.8550000131172704,0.6450000068573771
0.646,1.0684877597636702,0.9752309615724011,0.855000005834768,0.6449999943391691
0.648,1.0689684975323388,0.9752956977314597,0.8550000141311656,0.6450000130171383
0.65,1.0694490008753095,0.9753604769221331,0.8549999913388783,0.6450000017522183
0.652,1.0699292426277327,0.9754252703211423,0.8549999909461377,0.6449999978938916
0.654,1.0704092424595004,0.9754901361637792,0.855000006994891,0.6450000027619784
0.656,1.0708889587542512,0.9755550471155222,0.855000006907484,0.6450000038836803
0.658,1.071368474462484,0.9756199985413521,0.8549999979438057,0.6449999996080764
0.66,1.0718477391394003,0.9756850057603313,0.8549999926804872,0.6449999891489038
0.662,1.0723267416720126,0.9757500496551185,0.8550000034643114,0.645000001315816
0.664,1.072805478640799,0.9758151142483804,0.8549999980639648,0.6449999934464601
0.666,1.0732839847813413,0.9758802594051715,0.855000005301449,0.6450000050286371
0.668,1.073762252672768,0.9759454171846929,0.8549999951739549,0.6449999955034962
0.67,1.0742402664834407,0.9760106618876685,0.8549999875152378,0.6449999874890907
0.672,1.0747180201502575,0.9760759228513105,0.8549999968894325,0.6449999997997585
0.674,1.0751955213603739,0.9761412218260995,0.8549999857328533,0.6450000039552056
0.676,1.0756727881531163,0.9762065568206751,0.8549999950529286,0.6449999918428222
0.678,1.076149800487089,0.9762719396892355,0.8550000087472232,0.6450000009568927
0.68,1.0766265671651676,0.9763373843300165,0.8550000011526065,0.6450000005422155
0.682,1.0771030945112012,0.97640284823579,0.8549999978494233,0.6450000035412252
0.684,1.0775793718346751,0.9764683527371893,0.8549999988668937,0.6449999866131215
0.686,1.0780553813046985,0.9765339287026835,0.8550000174844933,0.6449999955528829
0.688,1.0785311514292106,0.9765995280113539,0.8550000103641499,0.6450000007330825
0.69,1.0790066604172177,0.9766651810169763,0.8549999959235749,0.6450000083310468
0.692,1.079481961636834,0.9767308609672152,0.8550000015164446,0.6449999981453534
0.694,1.0799569911774205,0.9767965837035621,0.8549999967246408,0.6449999959925894
0.696,1.0804317788965734,0.9768623526409423,0.8550000096343776,0.6450000009445797
0.698,1.0809062751302851,0.9769281530701691,0.855000008145833,0.6449999991169908
0.7,1.0813805713328724,0.9769940082891803,0.8550000099342827,0.6450000007205471
0.702,1.0818545910920474,0.977059889016246,0.854999983865455,0.6450000116804647
0.704,1.082328405056368,0.977125808249534,0.8549999929902381,0.6449999932994115
0.706,1.082801926217724,0.9771917934409681,0.855000000836511,0.6449999976214533
0.708,1.0832752364492402,0.9772577904569052,0.8549999937458904,0.6449999984765395
0.71,1.083748262841199,0.9773238704627609,0.855000004859904,0.644999993477211
0.712,1.0842210454287509,0.9773899632965372,0.8550000000086901,0.6450000042567472
0.714,1.084693598965126,0.9774560968227188,0.8549999974459854,0.6449999995487069
0.716,1.0851659002161385,0.9775222522866088,0.8549999995198826,0.6449999909620893
0.718,1.0856379487412584,0.9775884739672694,0.8549999810909346,0.6450000006473431
0.72,1.0861097427877175,0.977654734746536,0.8549999936691715,0.644999988085344
0.722,1.0865813058985796,0.9777210225855452,0.8549999968840837,0.6450000014938474
0.724,1.0870526093749362,0.977787326027181,0.854999996865632,0.6449999913757616
0.726,1.0875236889257491,0.9778537062560198,0.8549999901111718,0.6449999987885204
0.728,1.0879944665892567,0.9779201112868441,0.8550000030800291,0.6449999953479132
0.73,1.0884650535316471,0.9779865672372418,0.855000000510574,0.6450000086558366
0.732,1.0889353817712513,0.9780530428131405,0.8550000060748053,0.6449999985170036
0.734,1.0894054164312645,0.9781195864779817,0.8550000020341662,0.6450000049485284
0.736,1.0898752254726838,0.9781861404174208,0.8549999877696496,0.6449999967539196
0.738,1.0903448176805706,0.978252725657148,0.8550000079397082,0.645000007898481
0.74,1.090814133724907,0.9783193780407132,0.8549999889057465,0.6449999952549706
0.742,1.091283220776376,0.9783860638505267,0.8549999981987368,0.6449999990129842
0.744,1.0917520442859205,0.9784527725688663,0.8550000014325478,0.6450000026768489
0.746,1.0922206233351262,0.9785195146562582,0.8549999929751898,0.6449999969237947
0.748,1.0926889687927903,0.9785863205661506,0.8550000073976267,0.6449999927165916
0.75,1.0931570552819567,0.9786531346863435,0.8549999925404046,0.64499998959575
0.752,1.0936248813982312,0.9787200048875125,0.8550000011382136,0.6449999861900769
0.754,1.0940924599979327,0.9787868988235341,0.8549999876777907,0.6449999942058813
0.756,1.0945598162046608,0.9788538349022985,0.8550000086672547,0.6449999997034839
0.758,1.0950268924092692,0.9789208078065724,0.855000007758472,0.6449999835138629
0.76,1.0954937758646697,0.9789878239978201,0.8549999915095887,0.6450000120418912
0.762,1.0959603466016061,0.9790548865838107,0.8549999955589928,0.6450000118107577
0.764,1.0964267002337076,0.9791219587721612,0.8549999938959324,0.6449999868542468
0.766,1.0968928009213401,0.9791890896829378,0.8550000104782,0.6449999933870614
0.768,1.0973586660710912,0.979256234512215,0.8550000064024029,0.6450000107873736
0.77,1.0978242810217267,0.9793234502634819,0.8549999859278208,0.6449999888833952
0.772,1.0982896517218779,0.9793906685075544,0.8549999894830043,0.6450000013310768
0.774,1.0987547665118975,0.9794579292169727,0.8550000065041043,0.6449999978162804
0.776,1.0992196117155244,0.9795252270401338,0.8550000121929571,0.6450000000916921
0.778,1.0996842284811903,0.9795925650545039,0.8549999908109558,0.6449999913399043
0.78,1.1001486033924845,0.9796599208543525,0.8549999923268444,0.6449999998238869
0.782,1.1006127447570089,0.9797273360313561,0.8550000087652077,0.6450000007616686
0.784,1.1010766030929109,0.9797947773209918,0.8550000034870362,0.6450000020470368
0.786,1.1015402413944957,0.9798622200655773,0.8549999997864918,0.6450000065889451
0.788,1.1020036268886655,0.9799297564133286,0.8550000163801211,0.6450000069390107
0.79,1.1024667672298434,0.9799973083554309,0.8549999986190203,0.6449999928886575
0.792,1.1029296520796636,0.9800649073203425,0.8549999938652201,0.6449999981690963
0.794,1.1033922874261015,0.9801325023156957,0.8550000013688565,0.6450000085178841
0.796,1.1038546573760752,0.980200160319416,0.8550000092123402,0.6449999980584409
0.798,1.104316826361306,0.9802678333114605,0.8549999921720548,0.6450000003297855
0.8,1.104778716306785,0.9803355494977661,0.854999991580139,0.6449999980239522
0.802,1.105240382371357,0.9804033009599705,0.8550000011750948,0.6449999885395291
0.804,1.1057017967045215,0.9804710618989874,0.8550000024449419,0.6450000028746217
0.806,1.1061629739603305,0.9805388926376298,0.8550000002031326,0.6450000089393259
0.808,1.1066238534931336,0.9806067464631467,0.8549999992084828,0.6449999906046252
0.81,1.1070845385178505,0.9806746193731996,0.8549999931591638,0.6449999968852922
0.812,1.107544946599929,0.9807425594000782,0.8549999997779651,0.6449999982747737
0.814,1.108005103975852,0.9808104849430501,0.8550000073697431,0.6450000009241277
0.816,1.1084650472912423,0.9808784631245875,0.8549999903090679,0.6449999988209764
0.818,1.1089247101414161,0.9809464817580469,0.8549999946509003,0.6449999925614456
0.82,1.1093841342357447,0.9810145316077773,0.8550000024698448,0.6450000011328675
0.822,1.1098433323055392,0.9810825989859108,0.8550000001280766,0.64500000588013
0.824,1.1103022617490326,0.9811507369682099,0.8549999898928679,0.6450000086176627
0.826,1.1107609597279164,0.9812188591774562,0.8550000039233989,0.6449999991507249
0.828,1.1112193970390967,0.9812870356482193,0.8549999936842475,0.6450000106448857
0.83,1.1116776038569862,0.9813552487319479,0.855000012782723,0.6450000004544184
0.832,1.1121355545306317,0.9814234746780961,0.8549999910243197,0.645000005074341
0.834,1.112593250638442,0.9814917507105857,0.8550000005391465,0.6450000006478367
0.836,1.1130507220892207,0.9815600467790673,0.854999997249532,0.6450000104699287
0.838,1.1135079212956667,0.9816283779886799,0.8550000024408213,0.6450000005839692
0.84,1.1139648804230404,0.9816967484133317,0.8549999982351959,0.6450000009443199
0.842,1.1144215962556205,0.981765119808708,0.8550000004711332,0.6450000006165849
0.844,1.1148780714814912,0.9818335527975554,0.8550000092116894,0.6450000050128416
0.846,1.1153342718857517,0.9819019966657992,0.8550000155337639,0.6449999913302825
0.848,1.1157902705904903,0.981970493452891,0.8549999962947947,0.6449999967468019
0.85,1.1162459915519707,0.9820390207415035,0.8550000117962159,0.6449999948023564
0.852,1.1167014977508947,0.9821075440772739,0.8549999979368086,0.6449999927508389
0.854,1.1171567208475846,0.9821761288965206,0.8549999972518461,0.6450000115497868
0.856,1.117611720277271,0.9822447306418512,0.8549999997605893,0.6450000098013597
0.858,1.1180664755743053,0.9823133771765149,0.854999989555602,0.6449999925495842
0.86,1.1185209658457778,0.9823820490677196,0.8549999863303711,0.6450000041325648
0.862,1.1189752400606277,0.9824507344806,0.8550000046025972,0.6450000061696008
0.864,1.119429222101901,0.9825194697477497,0.8550000027877179,0.6449999835173273
0.866,1.1198829981386416,0.9825882297126435,0.8549999795702368,0.6449999980381262
0.868,1.1203365110344454,0.9826569951036218,0.8549999991922598,0.6450000036156985
0.87,1.120789792859293,0.9827258108277145,0.8550000124990524,0.6449999968416279
0.872,1.121242790228696,0.9827946680208035,0.8549999971355001,0.6449999981434092
0.874,1.1216955903996877,0.9828635215680914,0.8550000091448299,0.6449999943499553
0.876,1.1221481301199538,0.9829324249979281,0.8549999876220669,0.6450000020685913
0.878,1.1226003995268319,0.9830013574581279,0.8550000022196212,0.6449999909773968
0.88,1.1230524481662196,0.9830703110030466,0.8550000120594312,0.6449999944596692
0.882,1.1235042473257972,0.9831393040924004,0.8550000049581791,0.6449999948624413
0.884,1.1239557802314974,0.9832083068376242,0.8549999876886579,0.6450000060458494
0.886,1.1244070889300555,0.9832773462183557,0.855000014836684,0.6449999954598303
0.888,1.1248581441493481,0.9833464253096447,0.8550000156446884,0.6449999912895076
0.89,1.1253089679531312,0.9834155358654714,0.8549999874086652,0.6450000015563847
0.892,1.1257595316543028,0.9834846526227307,0.8549999900801997,0.6449999995669616
0.894,1.1262098560757217,0.98355377682262,0.8550000000455343,0.6449999984253088
0.896,1.1266599486930509,0.9836229786472235,0.8550000052387542,0.6449999955880753
0.898,1.1271097545410382,0.9836921879020821,0.854999996445327,0.6449999883768213
0.9,1.1275593494102938,0.9837614127646379,0.8549999913370538,0.6450000104386721
0.902,1.1280087036738895,0.9838306924616319,0.8550000042332687,0.6450000019545736
0.904,1.1284577827011057,0.9838999728008722,0.854999998259642,0.6450000030844097
0.906,1.1289066335618854,0.9839692977798675,0.8549999926763785,0.6449999967778084
0.908,1.1293552259919624,0.9840386486681639,0.8550000001477147,0.6450000051795445
0.91,1.129803606108938,0.984107996955116,0.8549999861236024,0.6449999900682284
0.912,1.1302517104062382,0.9841773850574647,0.8550000057298476,0.644999986592999
0.914,1.1306995664029924,0.9842468047303895,0.8550000041670575,0.6450000107298909
0.916,1.1311471774010653,0.9843162297796209,0.8550000148147624,0.6449999965494987
0.918,1.1315945613937024,0.9843857234996042,0.8549999873680406,0.6450000031182155
0.92,1.13204169795876,0.9844552350313988,0.8550000048227411,0.6449999996739769
0.922,1.1324885837266805,0.9845247597231305,0.8549999982447155,0.6450000003895138
0.924,1.1329352214902109,0.9845943050272467,0.8549999936051428,0.6450000028292622
0.926,1.1333816360807734,0.9846638889394826,0.8550000048325945,0.6450000098529532
0.928,1.1338277698778845,0.9847334697195456,0.8549999995785039,0.6449999972569487
0.93,1.1342736903169859,0.9848031054510343,0.8550000036136063,0.6450000004668562
0.932,1.1347193369452213,0.9848727510180605,0.8549999954131722,0.6449999967294915
0.934,1.135164756128851,0.9849424222470282,0.854999993697259,0.6450000057615722
0.936,1.1356099193753875,0.9850121397133622,0.8549999945305619,0.6449999980370439
0.938,1.1360548405932658,0.9850818568855263,0.8550000049750038,0.6450000062649441
0.94,1.1364995299889478,0.9851516133629604,0.8549999786956257,0.6449999864912838
0.942,1.136943988856676,0.9852213696992278,0.8549999882238535,0.6450000011658098
0.944,1.137388182431955,0.9852911830732166,0.8550000217735949,0.6449999913491373
0.946,1.1378321188057257,0.9853610312335828,0.8550000011835005,0.6449999986040258
0.948,1.138275836985599,0.9854308514756739,0.8550000194982885,0.6450000046903472
0.95,1.1387192615498227,0.985500718554703,0.8550000106687854,0.6449999954421416
0.952,1.139162500519003,0.9855706427604034,0.8550000053772752,0.644999998358395
0.954,1.1396054751777662,0.9856405633111837,0.8549999939371793,0.6450000159915159
0.956,1.140048191024891,0.9857105123705667,0.8549999901567951,0.6450000147188972
0.958,1.1404906763929021,0.9857804458768046,0.8550000039530443,0.6449999970793407
0.96,1.1409329082603687,0.9858504636408112,0.8549999914836113,0.6450000011924525
0.962,1.1413749073148125,0.9859204860989378,0.8549999812927646,0.6449999772580107
0.964,1.1418166501332077,0.9859905119930265,0.8550000050539259,0.6450000045017422
0.966,1.1422581543550996,0.9860605726497941,0.8550000131397277,0.6449999921366367
0.968,1.1426994181799386,0.9861306521153659,0.8549999910894015,0.644999999315064
0.97,1.143140415612264,0.9862007696784788,0.8550000003986021,0.6450000130583431
0.972,1.1435812300862906,0.9862708874252858,0.8550000154231497,0.6449999936197515
0.974,1.1440217286127985,0.9863410356517154,0.8550000133140242,0.6449999999666741
0.976,1.1444620405488435,0.9864112186488412,0.8550000103973616,0.6450000028145697
0.978,1.1449020632665807,0.9864814246579497,0.8549999951265262,0.6449999988100952
0.98,1.1453418586629311,0.9865516415815988,0.8550000125424563,0.644999998373156
0.982,1.1457814179707688,0.9866218931768596,0.8549999765435061,0.6450000024945709
0.984,1.146220698698084,0.9866921594426125,0.8550000064186952,0.6450000065613019
0.986,1.1466597843090478,0.9867624360790036,0.8550000049213226,0.6450000079673356
0.988,1.1470986191360737,0.9868327489944145,0.8549999943810979,0.645000009463316
0.99,1.1475371958561995,0.9869030692052828,0.8550000052964801,0.6450000021109803
0.992,1.1479755170074004,0.9869734161115096,0.8549999979405775,0.6449999951828036
0.994,1.1484136191981869,0.9870438102843407,0.8550000095883104,0.6450000129008159
0.996,1.148851441226141,0.987114182218122,0.85499999308559,0.6450000061259664
0.998,1.149289050731623,0.987184607090885,0.8550000126002759,0.6450000007308769
1.0,1.1497264277001735,0.9872550283856004,0.8550000058422403,0.645000002064952
